0
0
0
558
0
111
0
886
259
0
0
479
0
31
1216
212
0
0
196
0
369
7
408
1000
86
0
145
0
0
58
465
176
208
0
620
812
0
257
448
0
13
45
264
0
15
346
64
68
115
0
297
222
0
251
0
0
44
530
605
43
69
957
119
200
809
574
479
68
0
16
37
7
849
348
58
920
0
0
301
207
607
724
248
0
0
452
0
0
203
136
357
0
944
0
73
29
697
217
43
662
0
2550
206
350
96
0
0
763
411
44
470
925
33
632
29
0
62
0
0
0
1745
0
73
0
0
146
0
2196
388
85
0
350
212
0
112
133
324
591
1602
23
642
0
179
430
38
99
5
123
40
0
0
32
0
33
1068
0
0
0
268
101
379
0
42
1116
47
0
100
66
46
42
179
189
284
93
0
268
0
6
230
95
303
281
61
95
307
255
60
12
205
0
0
0
868
290
78
0
69
699
264
0
251
0
0
0
331
0
1214
229
0
0
0
293
0
0
142
0
0
374
0
0
89
0
27
305
375
200
150
239
646
96
211
0
643
0
245
308
29
67
0
21
493
1441
34
0
145
0
0
0
437
0
0
88
253
0
0
193
108
323
397
0
0
0
8
866
0
0
0
14
33
767
428
5
2
0
0
313
432
474
912
5
1056
0
521
78
204
300
0
0
18
0
0
0
155
105
199
0
0
386
114
0
206
0
0
0
0
0
0
11
0
716
686
723
1056
350
375
218
184
484
1008
90
0
262
170
684
0
0
512
918
48
0
0
958
771
109
280
119
0
35
26
0
148
143
44
0
76
0
0
0
106
121
0
0
0
0
311
0
0
75
23
242
0
0
0
1007
0
7
0
868
277
0
0
101
108
13
0
228
0
1023
223
75
0
0
0
0
1297
97
0
0
200
836
366
0
3
585
0
477
0
0
419
16
0
561
447
0
382
70
50
31
2
195
194
117
248
48
0
0
575
0
726
72
0
0
0
0
93
0
0
628
271
62
0
0
127
1060
158
908
583
0
0
0
598
271
0
831
1539
0
0
78
0
0
0
0
0
156
859
0
47
885
187
387
365
0
227
0
0
0
164
655
0
0
457
0
414
0
90
0
0
0
0
10
992
0
281
0
288
533
451
0
0
0
0
138
11
150
0
24
31
0
0
0
0
0
0
17
51
0
0
4
10
69
784
0
0
0
0
241
0
311
2
387
352
669
274
21
0
0
659
221
0
0
351
4
0
142
0
0
433
353
0
0
225
0
0
14
25
0
0
0
535
0
88
1072
0
0
0
427
220
0
603
82
0
0
0
0
102
65
0
0
194
0
0
414
0
35
0
0
0
165
2610
0
0
409
0
0
203
390
59
0
0
0
0
0
3
0
214
109
0
0
0
0
195
0
130
0
135
0
203
152
0
0
0
0
3
0
1454
385
0
1002
15
148
84
0
164
0
561
0
0
0
128
99
205
0
0
393
0
53
0
0
0
0
0
0
0
155
111
0
0
19
0
0
692
0
0
0
51
288
0
57
0
0
92
592
16
397
631
0
0
2
262
0
567
0
0
0
0
0
0
1345
0
588
0
100
291
66
0
0
0
0
0
0
0
0
0
40
69
0
0
320
0
0
1101
416
46
0
0
0
619
0
0
1210
177
14
33
966
0
167
47
26
0
0
0
0
2
0
0
0
0
0
0
0
0
402
0
0
202
167
158
0
0
258
0
0
0
2196
6
0
235
0
0
0
0
0
0
0
0
0
310
0
0
2020
1258
0
0
204
0
733
0
0
0
96
121
16
0
0
0
74
0
0
0
0
0
0
140
0
